42.546245
23.424076
33.93911
17.060816
18.220554
41.153332
40.069099
12.226079
-11.202692
-75.250973
-38.416097
-14.270972
47.516231
-25.274398
12.52111
40.143105
43.915886
13.193887
23.684994
50.503887
12.238333
42.733883
25.930414
-3.373056
9.30769
32.321384
4.535277
-16.290154
-14.235004
25.03428
27.514162
-54.423199
-22.328474
53.709807
17.189877
56.130366
-12.164165
-4.038333
6.611111
-0.228021
46.818188
7.539989
-21.236736
-35.675147
7.369722
35.86166
4.570868
9.748917
21.521757
16.002082
-10.447525
35.126413
49.817492
51.165691
11.825138
56.26392
15.414999
18.735693
28.033886
-1.831239
58.595272
26.820553
24.215527
15.179384
40.463667
9.145
61.92411
-16.578193
-51.796253
7.425554
61.892635
46.227638
-0.803689
55.378051
12.262776
42.315407
3.933889
49.465691
7.946527
36.137741
71.706936
13.443182
9.945587
16.995971
1.650801
39.074208
-54.429579
15.783471
13.444304
11.803749
4.860416
31.354676
22.396428
-53.08181
15.199999
45.1
18.971187
47.162494
-0.789275
53.41291
31.046051
54.236107
20.593684
-6.343194
33.223191
32.427908
64.963051
41.87194
49.214439
18.109581
30.585164
36.204824
-0.023559
41.20438
12.565679
-3.370417
-11.875001
17.357822
40.339852
35.907757
29.31166
19.513469
48.019573
19.85627
33.854721
13.909444
47.166
7.873054
6.428055
-29.609988
55.169438
49.815273
56.879635
26.3351
31.791702
43.750298
47.411631
42.708678
-18.766947
7.131474
41.608635
17.570692
21.913965
46.862496
22.198745
17.33083
14.641528
21.00789
16.742498
35.937496
-20.348404
3.202778
-13.254308
23.634501
4.210484
-18.665695
-22.95764
-20.904305
17.607789
-29.040835
9.081999
12.865416
52.132633
60.472024
28.394857
-0.522778
-19.054445
-40.900557
21.512583
8.537981
-9.189967
-17.679742
-6.314993
12.879721
30.375321
51.919438
46.941936
-24.703615
18.220833
31.952162
39.399872
7.51498
-23.442503
25.354826
-21.115141
45.943161
44.016521
61.52401
-1.940278
23.885942
-9.64571
-4.679574
12.862807
60.128161
1.352083
-24.143474
46.151241
77.553604
48.669026
8.460555
43.94236
14.497401
5.152149
3.919305
0.18636
13.794185
34.802075
-26.522503
21.694025
15.454166
-49.280366
8.619543
15.870032
38.861034
-8.967363
-8.874217
38.969719
33.886917
-21.178986
38.963745
10.691803
-7.109535
23.69781
-6.369028
48.379433
1.373333
37.09024
-32.522779
41.377491
41.902916
12.984305
6.42375
18.420695
18.335765
14.058324
-15.376706
-13.768752
-13.759029
42.602636
15.552727
-12.8275
-30.559482
-13.133897
-19.015438