1.60155
53.84782
67.70995
-61.79643
-63.06862
20.16833
45.03819
-69.06009
17.87389
-0.07139
-63.61667
-170.13222
14.55007
133.77514
-69.96834
47.57693
17.67908
-59.54320
90.35633
4.46994
-1.56159
25.48583
50.63777
29.91889
2.31583
-64.75737
114.72767
-63.58865
-51.92528
-77.39628
90.43360
3.41319
24.68487
27.95339
-88.49765
-106.34677
96.87096
21.75866
20.93944
15.82766
8.22751
-5.54708
-159.77767
-71.54297
12.35472
104.19540
-74.29733
-83.75343
-77.78117
-24.01320
105.69045
33.42986
15.47296
10.45153
42.59027
9.50178
-61.37098
-70.16265
1.65963
-78.18341
25.01361
30.80250
-12.88583
39.78233
-3.74922
40.48967
25.74815
179.41441
-59.52361
150.55081
-6.91181
2.21375
11.60944
-3.43597
-61.60417
43.35689
-53.12578
-2.58528
-1.02319
-5.34537
-42.60430
-15.31014
-9.69665
-62.06764
10.26789
21.82431
-36.58791
-90.23076
144.79373
-15.18041
-58.93018
34.30882
114.10950
73.50416
-86.24191
15.20000
-72.28521
19.50330
113.92133
-8.24389
34.85161
-4.54806
78.96288
71.87652
43.67929
53.68805
-19.02084
12.56738
-2.13125
-77.29751
36.23841
138.25292
37.90619
74.76610
104.99096
-168.73404
43.87222
-62.78300
127.51009
127.76692
47.48177
-80.56696
66.92368
102.49550
35.86228
-60.97889
9.55537
80.77180
-9.42950
28.23361
23.88127
6.12958
24.60319
17.22833
-7.09262
7.41284
28.36989
19.37439
46.86911
171.18448
21.74527
-3.99617
95.95622
103.84666
113.54387
145.38469
-61.02417
-10.94083
-62.18737
14.37542
57.55215
73.22068
34.30152
-102.55278
101.97577
35.52956
18.49041
165.61804
8.08167
167.95471
8.67528
-85.20723
5.29127
8.46895
84.12401
166.93150
-169.86723
174.88597
55.92325
-80.78213
-75.01515
-149.40684
143.95555
121.77402
69.34512
19.14514
-56.27111
-127.43931
-66.59015
35.23315
-8.22445
134.58252
-58.44383
51.18388
55.53638
24.96676
21.00586
105.31876
29.87389
45.07916
160.15619
55.49198
30.21764
18.64350
103.81984
-10.03070
14.99546
23.67027
19.69902
-11.77989
12.45778
-14.45236
46.19962
-56.02778
6.61308
-88.89653
38.99681
31.46587
-71.79793
18.73221
69.34856
0.82478
100.99254
71.27609
-171.85588
125.72754
59.55628
9.53750
-175.19824
35.24332
-61.22250
177.64933
120.96052
34.88882
31.16558
32.29028
-95.71289
-55.76584
64.58526
12.45339
-61.28723
-66.58973
-64.63997
-64.89633
108.27720
166.95916
-177.15610
-172.10463
20.90298
48.51639
45.16624
22.93751
27.84933
29.15486
